# x1, x2, y
5.882614620900883384e-01 -4.433277394007691719e+00 0.000000000000000000e+00
-8.278293325925295543e-01 -5.609800318187868617e-01 0.000000000000000000e+00
-3.899578792460206778e+00 2.189357266732544716e+00 0.000000000000000000e+00
-1.922507965958801801e+00 -2.510769428048889917e+00 0.000000000000000000e+00
-4.166428093233949248e+00 8.005479023212282996e-01 0.000000000000000000e+00
-3.605448061415162719e+00 -2.728143027130136566e-02 0.000000000000000000e+00
-2.216638697003845859e+00 -2.941307310450441692e-01 0.000000000000000000e+00
-5.336986015474853851e-01 -2.777618728822632832e+00 0.000000000000000000e+00
1.655658665185059109e+00 1.121960063637573723e+00 1.000000000000000000e+00
-1.416090794682618004e+00 3.872297362188905190e+00 1.000000000000000000e+00
2.668493007737426925e-01 1.388809364411316416e+00 1.000000000000000000e+00
3.605448061415162719e+00 2.728143027130136566e-02 1.000000000000000000e+00
1.361527934140015050e+00 3.338598760641419361e+00 1.000000000000000000e+00
-2.728143027130136566e-02 3.605448061415162719e+00 1.000000000000000000e+00
1.094678633366272358e+00 1.949789396230103389e+00 1.000000000000000000e+00
-5.882614620900883384e-01 4.433277394007691719e+00 1.000000000000000000e+00
