# x1, x2, y
1.975182405363672400e-01 4.559435176829161329e-01 1.000000000000000000e+00
2.276648797415854047e-02 -5.679061070782608356e-01 1.000000000000000000e+00
7.014557710985616090e-01 7.740555839505181002e-01 0.000000000000000000e+00
4.830851674612957058e-01 1.799688703447148430e-01 1.000000000000000000e+00
1.494125732682909657e-01 -4.375278436784890146e-01 1.000000000000000000e+00
9.279571343514046999e-01 1.033990886005104470e-01 0.000000000000000000e+00
8.825428370599499583e-01 -4.763797298153432114e-01 0.000000000000000000e+00
9.701031197380123317e-01 3.454966429064767475e-01 0.000000000000000000e+00
-4.532892400847866599e-01 -1.744101549219476688e-01 1.000000000000000000e+00
-7.616894060386709686e-01 -6.281427877556652328e-01 0.000000000000000000e+00
4.313448684938838151e-01 -1.708668001345704512e-01 1.000000000000000000e+00
4.463546268714473353e-01 -1.550017265644619557e-02 1.000000000000000000e+00
-9.083842320324538033e-02 -4.564718809136248390e-01 1.000000000000000000e+00
-9.596490499072418690e-01 -9.795870485606922654e-03 0.000000000000000000e+00
-9.561281811398988362e-01 -4.944945413298568182e-01 0.000000000000000000e+00
-5.229990929045472692e-01 1.387277498864655789e-01 1.000000000000000000e+00
-3.631650698798364885e-01 -8.438589482411116283e-01 0.000000000000000000e+00
-9.389652303941532496e-01 4.015364642944356799e-01 0.000000000000000000e+00
-4.641403892046135904e-01 9.626800641532808900e-01 0.000000000000000000e+00
3.736746775730215853e-01 -3.377008298777924300e-01 1.000000000000000000e+00
-2.875656770406829002e-02 4.592983228037234023e-01 1.000000000000000000e+00
7.967823456033349405e-01 -7.209351731378801365e-01 0.000000000000000000e+00
-2.237237079911699733e-01 -3.242090571861550030e-01 1.000000000000000000e+00
-3.515551825834468680e-01 3.524818697617048135e-01 1.000000000000000000e+00
-1.036799817990404354e-01 -1.004252381994653831e+00 0.000000000000000000e+00
-7.208269401868478976e-01 8.036484896980632398e-01 0.000000000000000000e+00
-2.430106618022369325e-02 9.756702706570812289e-01 0.000000000000000000e+00
3.849202183538434352e-01 9.670443035935221143e-01 0.000000000000000000e+00
-1.572806115330764032e-01 4.181498144038912623e-01 1.000000000000000000e+00
2.591043125748164755e-01 3.531905450299568372e-01 1.000000000000000000e+00
-6.000621835491165568e-01 8.304766702866052397e-02 1.000000000000000000e+00
4.093559047289372921e-01 -8.672121604893187063e-01 0.000000000000000000e+00
