# x1, x2, y
-5.617252125307850008e-01 -3.166729355438354876e+00 1.000000000000000000e+00
1.519717670863596215e+00 8.707884011365504828e-03 0.000000000000000000e+00
-3.082631577064969264e+00 -4.605043296791842877e+00 0.000000000000000000e+00
-2.386187437598786598e+00 -4.442863031552569453e+00 0.000000000000000000e+00
4.828937063184890466e-01 1.746617152162864173e+00 0.000000000000000000e+00
3.134012417287880492e+00 3.183723194272834456e-01 1.000000000000000000e+00
-7.799829525649364381e-01 -6.116169181135879818e+00 0.000000000000000000e+00
-1.611552283745271819e+00 3.710985517292818003e-01 0.000000000000000000e+00
9.787059205195977052e-01 -1.329753084940515639e-01 1.000000000000000000e+00
-1.674636844659564749e+00 -2.968659493448227771e+00 1.000000000000000000e+00
3.516996514433681220e-01 -5.983046986449241267e+00 0.000000000000000000e+00
2.952820410845022892e+00 -3.196386339331948045e-01 1.000000000000000000e+00
-5.364020203611724824e+00 -3.167362059927298468e+00 1.000000000000000000e+00
-9.641520220863286639e-01 -4.857808730823533594e+00 0.000000000000000000e+00
-8.959194653920476981e-02 -5.343544395995085239e+00 0.000000000000000000e+00
1.247256262208014554e+00 7.976849853796610379e-01 0.000000000000000000e+00
1.693492654401333342e+00 -1.128710019449924995e-01 0.000000000000000000e+00
-2.880198571618112879e+00 -4.864703613795784420e+00 0.000000000000000000e+00
-9.145203415190052976e-01 -3.158204346345941715e+00 1.000000000000000000e+00
-4.629097506114776550e+00 -2.556876567185004667e+00 1.000000000000000000e+00
2.012457243231779991e-01 -4.666113839294803611e+00 0.000000000000000000e+00
1.812223784730210063e+00 -2.006384890418752232e+00 0.000000000000000000e+00
-5.285715256424279307e-01 -4.101398425377651868e+00 1.000000000000000000e+00
-1.963425690772536925e+00 -4.529493906038472240e+00 0.000000000000000000e+00
5.742270710705215109e-01 -5.755223405318375285e+00 0.000000000000000000e+00
-6.206181144922400250e-01 1.057951185819243189e+00 0.000000000000000000e+00
-1.982190060399429576e+00 -5.074958475255497703e+00 0.000000000000000000e+00
-3.415948762148670603e+00 -3.018588797266155144e+00 1.000000000000000000e+00
-1.592853286218104625e+00 -5.177980288354208760e+00 0.000000000000000000e+00
-9.282488103520727396e-01 -3.778793108011888169e+00 1.000000000000000000e+00
8.537102750231878590e-01 1.436672426113819068e+00 0.000000000000000000e+00
1.691116653215075205e+00 -5.505830607089751139e-01 1.000000000000000000e+00
2.349719301191606213e-01 -4.283867216680412149e+00 0.000000000000000000e+00
1.237095725892998210e+00 1.305097999183865820e+00 0.000000000000000000e+00
-3.319337473556435381e+00 -2.755019506668839657e+00 1.000000000000000000e+00
-5.955996969395025431e-01 -5.789760770507051291e+00 0.000000000000000000e+00
8.839905093253419555e-01 9.023858286235686421e-01 0.000000000000000000e+00
-3.927939388473804971e+00 -3.303921877783738914e+00 1.000000000000000000e+00
3.307571738792187688e-01 -4.618346405751795558e+00 0.000000000000000000e+00
2.029958775456144338e+00 -5.084405870043716469e+00 0.000000000000000000e+00
3.509515079490664213e+00 7.543586056719052690e-01 1.000000000000000000e+00
-4.223560273563041534e+00 -4.413312266625977642e+00 1.000000000000000000e+00
1.409841263814294976e+00 -4.839487680631365585e+00 0.000000000000000000e+00
-4.620569779050573977e-01 -6.008877971675620877e+00 0.000000000000000000e+00
4.383168452508047208e-01 -3.079907615273024257e-01 1.000000000000000000e+00
1.591747628530160164e+00 -3.882639271065118081e+00 0.000000000000000000e+00
7.725583309374874919e-01 9.706534160659291421e-01 0.000000000000000000e+00
2.120118775768936370e+00 -1.078430426053673896e+00 1.000000000000000000e+00
2.563592910616685483e+00 1.909477947338392712e-01 1.000000000000000000e+00
8.177245438823286250e-01 -5.373073317742018240e+00 0.000000000000000000e+00
-3.275651885916841977e+00 -4.042738123627218627e+00 0.000000000000000000e+00
2.213731867529403985e+00 5.732986950989313879e-01 0.000000000000000000e+00
-4.922896798611469116e-01 -3.548534045856283736e+00 1.000000000000000000e+00
-2.121427575492898843e+00 -2.879177849042874549e+00 1.000000000000000000e+00
-2.405028726233820358e+00 -3.085332066734720602e+00 1.000000000000000000e+00
8.469319768359757639e-01 -2.432762938294753319e+00 0.000000000000000000e+00
7.774151434664240412e-01 -5.484066570602272428e+00 0.000000000000000000e+00
-7.803651073463537813e-01 -5.400794613420758949e+00 0.000000000000000000e+00
-2.677161679587726439e+00 -3.209554533454454628e+00 1.000000000000000000e+00
-2.662876056115639933e+00 -5.318277416351580911e+00 0.000000000000000000e+00
