# x1, x2, y
-1.432809142916851464e+00 8.242323057494616023e-01 0.000000000000000000e+00
-3.028717380180144136e+00 -2.328149163915939734e+00 1.000000000000000000e+00
-2.910972471523930238e+00 -3.062485231020641407e+00 0.000000000000000000e+00
-9.922652048620497212e-01 1.249103637712906334e+00 0.000000000000000000e+00
-1.701409090096878352e+00 -4.971183489721566318e+00 0.000000000000000000e+00
-1.262666269239444361e+00 -5.058493010121437372e+00 0.000000000000000000e+00
1.790004901236295964e+00 -6.405420413405626956e-01 1.000000000000000000e+00
-2.221769380838652719e+00 -2.354574002037558511e+00 1.000000000000000000e+00
1.374013750364672326e+00 -4.412053142552029072e+00 0.000000000000000000e+00
-1.964947807907525323e+00 -4.610575169921832916e+00 0.000000000000000000e+00
-2.385743295991193946e-01 -4.754541801256954692e+00 0.000000000000000000e+00
-3.004757906207151663e+00 -2.312375150404295532e+00 1.000000000000000000e+00
2.562122896917702342e+00 4.250418126383402884e-01 1.000000000000000000e+00
-1.409516514436543133e+00 -4.908281506912353542e+00 0.000000000000000000e+00
-1.073303529407842127e+00 -3.547711491787166604e+00 1.000000000000000000e+00
-4.783172837836477953e+00 -3.197887525592824520e+00 1.000000000000000000e+00
-3.933535303870766331e+00 -2.767801441423428876e+00 1.000000000000000000e+00
-1.555769935288979999e+00 -1.355473381034975056e+00 1.000000000000000000e+00
-1.051010197413027036e+00 -7.008313316643569046e-02 0.000000000000000000e+00
-3.328308504159423808e+00 -1.857091468103027054e+00 1.000000000000000000e+00
1.665441529215294203e+00 -1.161628211858400372e-01 1.000000000000000000e+00
-2.118991140104517168e+00 -4.165773107428345057e+00 0.000000000000000000e+00
9.277353423673329047e-01 -4.087059461654602543e+00 0.000000000000000000e+00
-4.226508271754578772e+00 -3.982801327930664659e+00 1.000000000000000000e+00
2.864631296104454883e+00 3.159826855011714231e-01 1.000000000000000000e+00
-2.250591400098071571e+00 -4.751578912864675708e+00 0.000000000000000000e+00
4.828227190210805375e-01 -5.593813018793077241e+00 0.000000000000000000e+00
-2.317500051577698006e+00 -2.946235899877876818e+00 1.000000000000000000e+00
-1.298021591819663367e+00 -3.190707792821579236e+00 1.000000000000000000e+00
-1.627357228142372936e+00 -1.131115252695900908e-01 0.000000000000000000e+00
-1.454081160552743501e+00 8.774737811034177826e-02 0.000000000000000000e+00
-2.720289337779277172e+00 -4.095920463319174587e+00 0.000000000000000000e+00
-1.999036539717428784e+00 -2.393437879627403841e+00 1.000000000000000000e+00
-5.402121361484142348e+00 -3.354362104136576761e+00 1.000000000000000000e+00
1.519750212778146370e+00 -3.285348425803190864e+00 0.000000000000000000e+00
9.451095103919497920e-01 3.179058491518124696e-01 0.000000000000000000e+00
-3.487116003574469936e+00 -3.735806001759448769e+00 1.000000000000000000e+00
5.116160957955511179e-01 -5.661554926727578874e+00 0.000000000000000000e+00
-5.545221811958787050e-01 -3.417492753943271566e+00 1.000000000000000000e+00
-2.358181666890736050e+00 -5.072993720305149168e+00 0.000000000000000000e+00
-2.443929930035958903e-02 4.291493802682699310e-01 1.000000000000000000e+00
-1.839146087264164731e+00 -4.485167673474969696e+00 0.000000000000000000e+00
-7.985807932932282860e-01 -3.327718649100424031e+00 1.000000000000000000e+00
-2.672285719047036157e+00 -4.626645869359291119e+00 0.000000000000000000e+00
5.447465853242847711e-01 7.454664642820734155e-01 1.000000000000000000e+00
1.378648366448294471e+00 -1.369716416834824424e-01 1.000000000000000000e+00
-4.069922490076567811e+00 -3.137205296129794263e+00 1.000000000000000000e+00
-2.115323635614177800e+00 -2.466810272594482267e+00 1.000000000000000000e+00
-2.459182452756064841e+00 -2.587461213139220284e+00 1.000000000000000000e+00
-2.590659271738402936e+00 -2.789448474307397507e+00 1.000000000000000000e+00
-1.030169576938196663e+00 -5.931764578799835874e+00 0.000000000000000000e+00
-8.797990191134077431e-01 -5.533455538905146298e+00 0.000000000000000000e+00
2.074275992409776670e+00 -1.003590735039407988e+00 1.000000000000000000e+00
-4.564559192160539958e-01 -4.780276107547514641e+00 1.000000000000000000e+00
-2.068101009924538047e+00 -4.272171307722793188e+00 0.000000000000000000e+00
1.144668075596289913e+00 -3.390576688402886063e+00 0.000000000000000000e+00
-1.283436754486836140e+00 -2.609294454324123436e+00 1.000000000000000000e+00
-5.152131216372763944e+00 -3.469504853092698404e+00 1.000000000000000000e+00
-1.755638544626493047e+00 -3.156483290482637649e+00 1.000000000000000000e+00
-8.147463927410079076e-01 1.077663778175721010e+00 0.000000000000000000e+00
-1.659910481811498251e+00 1.480414920779770105e-01 0.000000000000000000e+00
9.392951546050015699e-01 -4.073373571062605114e-01 1.000000000000000000e+00
2.671600437491245650e+00 5.304110409528766112e-01 1.000000000000000000e+00
1.474526674084746913e+00 -1.423111159007282023e-01 0.000000000000000000e+00
5.082825949091551720e-01 -8.819417793779384951e-01 1.000000000000000000e+00
1.246695757315095854e+00 -6.145088688917175190e+00 0.000000000000000000e+00
-3.337504950907187684e+00 -2.794678645346328594e+00 1.000000000000000000e+00
-4.339659041427839092e+00 -3.867943235844385264e+00 1.000000000000000000e+00
-3.957728763981607223e+00 -3.670993914250153978e+00 1.000000000000000000e+00
-3.605832519776657197e-01 1.282192198584902076e+00 0.000000000000000000e+00
-2.120528331027024205e+00 -5.771992014205109989e+00 0.000000000000000000e+00
3.121809168756684016e-01 -4.691254406082663309e+00 0.000000000000000000e+00
-3.326031160646711005e+00 -3.894980272731408455e+00 1.000000000000000000e+00
1.475041265532523793e+00 8.972671318426968246e-02 0.000000000000000000e+00
-1.337972493269752317e+00 -5.634248538146000129e+00 1.000000000000000000e+00
-1.141771270136696659e+00 -3.665288484336242103e+00 1.000000000000000000e+00
1.142967092359850945e+00 -4.437592804828453197e+00 0.000000000000000000e+00
-4.564975498629119777e+00 -3.988843435862745146e+00 1.000000000000000000e+00
1.789204704486362096e-02 1.177904776397230346e+00 0.000000000000000000e+00
5.017229229101300980e-01 -4.920872478487802404e+00 0.000000000000000000e+00
-2.648049045547835156e+00 -3.585863476686957707e+00 1.000000000000000000e+00
-5.970672795261864341e-01 -3.884841533519907131e+00 1.000000000000000000e+00
7.605946736647530848e-01 -5.955067758165974112e+00 0.000000000000000000e+00
-1.011853495284822380e+00 -4.418618510059419968e+00 1.000000000000000000e+00
-2.045451394391628597e+00 -2.916695866984013286e+00 1.000000000000000000e+00
-1.680531846870143120e+00 -3.743296753973376134e+00 1.000000000000000000e+00
3.531745584351129175e-01 -7.669001388554119725e-01 1.000000000000000000e+00
2.321851359179397001e+00 -6.544211880537051940e-01 1.000000000000000000e+00
-2.327757617634139464e+00 -3.793562356543882963e+00 0.000000000000000000e+00
-3.112935079161762708e-01 -5.047147888329323706e+00 0.000000000000000000e+00
1.868168945015787230e+00 -4.126035997659893706e-01 1.000000000000000000e+00
-2.467592108267959716e+00 -2.101264013785168139e+00 1.000000000000000000e+00
-4.415027180631057035e+00 -3.313423690525254539e+00 1.000000000000000000e+00
4.719920785437010657e-01 -3.492410747151286188e+00 0.000000000000000000e+00
-2.457651170200115587e+00 -2.841009644786219646e+00 1.000000000000000000e+00
3.702763659659558115e-01 7.636102378355005271e-01 1.000000000000000000e+00
-1.004039853938560878e+00 7.834983310078105223e-01 0.000000000000000000e+00
-4.214750395302974129e-03 3.802596451511049969e-01 1.000000000000000000e+00
-1.711527169527782721e+00 -3.118648942665994017e+00 1.000000000000000000e+00
1.103865435367022307e+00 1.134283172444335408e+00 0.000000000000000000e+00
5.533458225966185751e-01 -4.494676762183470231e+00 0.000000000000000000e+00
8.601925089220092691e-01 1.101591577214588558e+00 0.000000000000000000e+00
-3.420683444004533502e+00 -3.105084847818894378e+00 1.000000000000000000e+00
-2.435125747815937436e-02 1.755857344557710809e+00 0.000000000000000000e+00
-1.518726602011833959e+00 -2.689797221215256329e+00 1.000000000000000000e+00
1.909388040464993885e+00 -5.177953266212034222e-01 1.000000000000000000e+00
-3.580780934528961623e+00 -3.658379041441674584e+00 1.000000000000000000e+00
1.519499687286333778e+00 -8.568674061553009924e-01 1.000000000000000000e+00
-4.235820917931363283e+00 -3.379212721049813961e+00 1.000000000000000000e+00
-5.514256271390585717e-03 3.771311107831489817e-01 1.000000000000000000e+00
-9.766535126736803907e-01 -5.080943001422829397e+00 0.000000000000000000e+00
-5.127344420512014445e-01 -3.416153480346784566e+00 1.000000000000000000e+00
-4.727426660746427700e-01 -5.081719046512150229e+00 0.000000000000000000e+00
1.136152211580578442e+00 -4.220337033658102754e+00 0.000000000000000000e+00
-4.005114366143637028e+00 -2.594647107721409274e+00 1.000000000000000000e+00
1.296951014405207658e-01 -3.689125405887952347e+00 1.000000000000000000e+00
-2.178895361517027229e+00 -5.258642916397663569e+00 0.000000000000000000e+00
1.108960172758143958e+00 -1.062265155299247477e+00 1.000000000000000000e+00
6.507373250951917765e-01 -8.729237175352348999e-01 1.000000000000000000e+00
-3.580712552754191424e+00 -3.493804124045340131e+00 1.000000000000000000e+00
9.632884115487662102e-01 -3.642319440193214075e-01 1.000000000000000000e+00
1.797327209297365336e+00 -4.188258892726610227e+00 0.000000000000000000e+00
2.357988187133121250e-02 9.914641917215676337e-01 0.000000000000000000e+00
-7.404377056229265452e-01 -3.805109252896612837e+00 1.000000000000000000e+00
-2.081170684591091113e+00 -4.937511333171009653e+00 0.000000000000000000e+00
-9.076956631201134051e-01 1.089049044017151857e+00 0.000000000000000000e+00
-6.053216250457558179e-01 -2.757748351720873625e+00 1.000000000000000000e+00
-7.792982253924893854e-01 -2.810073455953315591e+00 1.000000000000000000e+00
-3.121261716950514575e+00 -2.321900477796529305e+00 1.000000000000000000e+00
-1.738493325956940394e+00 -4.352761651728654257e+00 0.000000000000000000e+00
-1.967838682609851286e+00 -4.937376075453410174e+00 0.000000000000000000e+00
2.649409020563007644e+00 -2.626045181464420342e-03 1.000000000000000000e+00
-5.972758415775544227e-01 1.113741329238471911e+00 0.000000000000000000e+00
-2.470235511769578007e+00 -4.310888256413055508e+00 0.000000000000000000e+00
1.177894899713403110e+00 -4.120187562468867526e+00 0.000000000000000000e+00
2.038719090041058557e+00 -6.291264922136891036e-02 1.000000000000000000e+00
-5.088846809023245266e-03 -6.297613141017706084e-01 1.000000000000000000e+00
1.226833366655400326e+00 1.194379157751606968e+00 0.000000000000000000e+00
-2.702700888097341547e+00 -2.870844040667146935e+00 0.000000000000000000e+00
-4.822851276763238104e-01 -5.426699555246077722e+00 0.000000000000000000e+00
2.796604230763999888e-01 3.055226559212256277e-01 1.000000000000000000e+00
-3.661642883141517757e+00 -3.501698392020441641e+00 1.000000000000000000e+00
-1.078555538179656548e+00 9.961219834641715787e-01 0.000000000000000000e+00
-3.314898078816459481e+00 -3.118724149898650211e+00 1.000000000000000000e+00
-3.280505714581092747e+00 -3.414900409679408444e+00 1.000000000000000000e+00
8.390577516099977373e-01 -5.222642590776136018e+00 0.000000000000000000e+00
7.919712578528210756e-01 -4.631284370116916627e+00 0.000000000000000000e+00
-7.983780053930560061e-02 1.213363753288041025e+00 0.000000000000000000e+00
-4.330527423641264306e+00 -4.380168994037042296e+00 1.000000000000000000e+00
-2.148377680559361846e-01 1.046322839467423549e+00 0.000000000000000000e+00
-1.640229682254371379e+00 3.162663117544513569e-01 0.000000000000000000e+00
-6.116504145901222600e-01 -3.371149774309555092e+00 1.000000000000000000e+00
1.651000241422427628e+00 -4.475934586554225270e+00 0.000000000000000000e+00
-1.747941841531492679e+00 -1.957334875913406602e+00 1.000000000000000000e+00
4.505263049101619899e-01 -5.160220726548462089e+00 0.000000000000000000e+00
-3.948426616234937736e+00 -2.175523078107967745e+00 1.000000000000000000e+00
-2.050137876852223151e+00 -1.596123435292319925e+00 1.000000000000000000e+00
-1.700062976250000801e-01 -3.266065621844111533e+00 1.000000000000000000e+00
-3.518437048033707715e+00 -4.626675319826450306e+00 1.000000000000000000e+00
9.853550663922697739e-01 1.346258185589575884e+00 0.000000000000000000e+00
1.302283933702464758e+00 -4.615625086022574486e+00 0.000000000000000000e+00
-7.855388688554290066e-01 -4.148019058526997149e+00 1.000000000000000000e+00
-1.911920783985028294e+00 -4.462543136182416603e+00 0.000000000000000000e+00
-2.342026178648918933e+00 -4.214136942230320315e+00 0.000000000000000000e+00
1.503514171471798999e+00 1.812716020156451169e+00 0.000000000000000000e+00
-2.700974435291926934e+00 -3.150411653692041458e+00 1.000000000000000000e+00
-2.468504285325080205e-01 2.593873782995519961e-01 1.000000000000000000e+00
-2.572141400060565797e+00 -5.358020908167144825e+00 0.000000000000000000e+00
-5.006330763396737105e+00 -4.173274895758566139e+00 1.000000000000000000e+00
1.223212395576653400e+00 5.203746797558377324e-01 0.000000000000000000e+00
-8.248039261475365036e-02 -9.387256050679163022e-02 1.000000000000000000e+00
1.617557817781990259e+00 -4.149660254079866384e+00 0.000000000000000000e+00
2.248990888632750873e-01 1.830763080988989211e+00 0.000000000000000000e+00
1.206770702102392123e+00 4.096119775350768322e-01 0.000000000000000000e+00
-1.807152066510427701e+00 -4.033546880404632162e+00 0.000000000000000000e+00
-1.121434927199168818e+00 1.285748863679318843e+00 0.000000000000000000e+00
3.360397834752233415e+00 2.284933677209058933e-01 1.000000000000000000e+00
6.555891847501431613e-01 -4.173409714770069279e+00 0.000000000000000000e+00
5.387017036229804212e-01 -4.962570508399878122e+00 0.000000000000000000e+00
-2.564513914585822896e+00 -5.058861228970058299e+00 0.000000000000000000e+00
-1.368651516757532383e+00 -3.431930388699275358e+00 1.000000000000000000e+00
9.572278240085447809e-01 -7.800832563844442014e-01 1.000000000000000000e+00
4.131723241127843171e-01 7.603912700057516849e-01 1.000000000000000000e+00
8.328096738635069052e-01 -4.166485326418162494e+00 0.000000000000000000e+00
-1.029924276717417930e+00 9.684301383758984194e-01 0.000000000000000000e+00
-3.825469447453014205e+00 -2.898552742775998503e+00 1.000000000000000000e+00
8.238044467752105859e-01 -5.207875623151634770e+00 0.000000000000000000e+00
1.364666024063536209e+00 -4.543893416898023396e+00 0.000000000000000000e+00
2.806835592958214498e+00 -1.788001419010435411e-01 1.000000000000000000e+00
-9.923179858907589246e-01 -5.487024705339832664e+00 0.000000000000000000e+00
2.672095447507309429e-01 9.210932013207006053e-01 0.000000000000000000e+00
-6.985156263933964826e-01 -5.259092365132451263e+00 0.000000000000000000e+00
-3.229373333146153158e+00 -4.024177153237290305e+00 0.000000000000000000e+00
3.260802670412061399e+00 1.789306414807467771e-01 1.000000000000000000e+00
-1.946696363417891762e+00 -2.687214525432527701e+00 1.000000000000000000e+00
-4.318695062610995450e+00 -3.782306444527204548e+00 1.000000000000000000e+00
-4.870473791646605655e-01 -3.229847433754302166e+00 1.000000000000000000e+00
-4.541941694491999471e+00 -2.857605362454485487e+00 1.000000000000000000e+00
1.861073638171644618e+00 -3.321803324162520443e+00 0.000000000000000000e+00
4.090233715825695171e-01 -5.210694105165874390e+00 0.000000000000000000e+00
-5.104484711304455580e-01 1.384072923992182513e+00 0.000000000000000000e+00
2.514110926560760850e-01 1.675929015488969998e-01 1.000000000000000000e+00
-2.409739069367251574e-01 -5.244736468861820100e+00 0.000000000000000000e+00
8.737490642453600298e-01 1.075833482786571205e+00 0.000000000000000000e+00
-1.416900113519201643e+00 -4.971190745228689423e+00 0.000000000000000000e+00
1.078824311764847721e+00 -3.701488011338968320e+00 0.000000000000000000e+00
-7.490611757375301716e-01 1.314435093697359447e+00 0.000000000000000000e+00
2.095719836314038353e-01 -5.306798274571440821e+00 0.000000000000000000e+00
-7.866506030386455350e-02 -5.128771719135665208e+00 0.000000000000000000e+00
-4.512364712559618241e+00 -4.134880907874673106e+00 1.000000000000000000e+00
-3.690696502442247784e+00 -3.333470075392401810e+00 1.000000000000000000e+00
-7.011524931244812464e-01 -2.887452023090559372e+00 1.000000000000000000e+00
-4.232971966422242716e+00 -3.304618328006637462e+00 1.000000000000000000e+00
8.947188126401401931e-01 2.412277276133102388e-01 0.000000000000000000e+00
2.951380332925562122e+00 2.536042184110506859e-02 1.000000000000000000e+00
2.629333653394671622e+00 -3.839365529381660869e-01 1.000000000000000000e+00
2.579770087874416529e+00 -1.274739144329234408e-01 1.000000000000000000e+00
-1.166884781487399270e+00 9.994760274798571986e-01 0.000000000000000000e+00
-4.390444145627966144e+00 -3.519284834452279576e+00 1.000000000000000000e+00
9.946005829059403336e-01 -5.271945522734055034e-01 1.000000000000000000e+00
-1.549335513305755807e+00 1.073225586446721058e+00 0.000000000000000000e+00
1.755705500922208451e+00 -5.088663698945201652e+00 0.000000000000000000e+00
-1.796204590772749521e+00 -4.988895499414260470e+00 0.000000000000000000e+00
2.401662615393604483e+00 -7.273603766938235848e-01 1.000000000000000000e+00
-5.578205597808893579e+00 -4.516422084572024431e+00 1.000000000000000000e+00
-2.721572519094785481e+00 -2.072514641470343477e+00 1.000000000000000000e+00
-8.711272784812378323e-01 -5.236677211076544047e+00 0.000000000000000000e+00
-1.504276484820519233e+00 9.589291098607144459e-01 0.000000000000000000e+00
-3.901150534593302854e+00 -2.694434058101629059e+00 1.000000000000000000e+00
2.971599619318379126e+00 -6.355956978704646598e-01 1.000000000000000000e+00
-2.792531979682343124e+00 -1.869456635046192972e+00 1.000000000000000000e+00
-5.379730542431972573e+00 -2.890235870458064404e+00 1.000000000000000000e+00
-3.393214156509323232e-01 -3.260508203201055721e+00 1.000000000000000000e+00
-2.121034839882610434e+00 -4.188578228627403810e+00 0.000000000000000000e+00
-3.339316689344725031e+00 -2.302249506454648653e+00 1.000000000000000000e+00
-2.672886063419240177e+00 -5.485706667838451622e+00 0.000000000000000000e+00
1.154746519788529824e-01 -4.772340082847610354e+00 1.000000000000000000e+00
-5.115558370936359012e+00 -4.128059182241185177e+00 1.000000000000000000e+00
2.222780441099772464e+00 -6.980499978181622378e-01 1.000000000000000000e+00
3.470198342598641572e-01 -4.838189606247058072e-01 1.000000000000000000e+00
